H
6 8
5 4
6 8
8 4
7 8
3 4
4 8
3 4
6 8
8 4
7 8
5 4
6 8
7 8
8 8
6 8
5 4
6 8
8 4
7 8
3 4
4 8
3 4
6 8
8 8
7 8
6 8
4 8
3 8
4 8
2 4
4 8
6 4
#5 8
3 4
4 8
3 4
4 8
8 8
7 8
3 8
4 4
3 8
#5 4
6 8
5 4
6 8
8 4
7 8
3 4
4 8
3 4
6 8
8 4
7 8
5 4
6 8
7 8
8 8
6 8
5 4
6 8
8 4
7 8
3 4
4 8
3 4
6 8
8 8
7 8
6 8
4 8
3 8
4 8
2 4
4 8
6 4
#5 8
3 4
4 8
3 4
4 8
8 8
7 8
3 8
4 4
3 8
#5 4
6 24
13 24
b13 8
10 3
0 1
11 8
9 3
0 1
10 8
8 3
0 1
9 8
7 3
0 1
6 24
13 24
b13 8
10 3
0 1
11 8
13 3
0 1
b13 8
10 3
0 1
9 4
8 4
7 4
6 24
8 24
7 24
3 24
4 11
0 1
4 12
6 12
8 12
7 12
6 12
b6 12
3 12
6 7
0 1
6 4
0 8
0 4
b6 7
0 1
0 4
6 7
0 1
6 4
6 8
6 4
0 8
0 4
b6 7
0 1
0 4
6 7
0 1
6 3
0 1
6 7
0 1
6 4
b6 8
6 3
0 1
6 7
0 1
6 4
b6 8
6 3
0 1
6 24
10 24
13 32
0 16
